16894
16895
16902
16909
16912
16913
16933
16934
16937
16938
16968
16977
16979
16983
17003
17005
17008
17011
17012
17014
17017
17020
17021
17023
17024
17027
17028
17030
17033
17036
17038
17045
17050
17051
17052
17053
17054
17067
17068
17091
17093
17094
17096
17101
17103
17133
17150
17152
17153
17154
17157
17158
17159
17160
17162
17173
17174
17176
17178
17179
17198
17199
17201
17202
17203
17210
17211
17212
17218
17220
17223
17225
17240
17282
17287
17288
17290
17292
17293
17294
17295
17306
17308
17309
17310
17312
17314
17315
17317
17318
17321
17322
17325
17326
17331
17332
17333
17334
17335
17336
17340
17341
17342
17343
17344
17345
17346
17347
17349
17350
17351
17352
17354
17355
17356
17357
17359
17360
17361
17363
17364
17365
17366
17368
17369
17370
17371
17373
17374
17375
17376
17377
17378
17379
17380
17381
17382
17383
17384
17385
17386
17387
17388
17389
17390
17391
17392
17393
17394
17395
17396
17397
17398
17399
17400
17401
17402
17403
17404
17405
17406
17407
17408
17409
17410
17411
17412
17413
17414
17415
17416
17417
17418
17419
17420
17421
17422
17423
17425
17426
17431
17434
17439
17440
17444
17446
17451
17452
17455
17457
17480
17481
17482
17483
17486
17487
17488
17491
17492
17493
17494
17495
17497
17498
17500
17513
17514
17524
17525
17526
17534
17535
17538
17543
17544
17545
17546
17552
17554
17558
17559
17561
17562
17563
17564
17566
17568
17570
17571
17579
17581
17583
17584
17588
17589
17590
17591
17592
17593
17594
17595
17596
17597
17608
17609
17611
17633
17634
17637
17638
17639
17640
17641
17650
17655
17656
